# x, y
7.461443543434143066e-01 4.275997877120971680e-01
6.126037836074829102e-01 4.209167063236236572e-01
4.111108481884002686e-01 3.471825420856475830e-01
8.996425271034240723e-01 4.004707932472229004e-01
5.829665064811706543e-02 5.809886753559112549e-02
8.227123618125915527e-01 4.181126654148101807e-01
7.180522084236145020e-01 4.287797212600708008e-01
4.465890228748321533e-01 3.658403456211090088e-01
5.015711188316345215e-01 3.900097608566284180e-01
1.600553840398788452e-02 1.600143872201442719e-02
1.539661586284637451e-01 1.503592282533645630e-01
8.135135769844055176e-01 4.197076261043548584e-01
4.958270490169525146e-01 3.877584636211395264e-01
5.049217343330383301e-01 3.912933170795440674e-01
3.238312304019927979e-01 2.915920913219451904e-01
7.262625098228454590e-01 4.285700619220733643e-01
7.012147903442382812e-01 4.288520812988281250e-01
8.167876601219177246e-01 4.191534221172332764e-01
4.031407535076141357e-01 3.426684141159057617e-01
1.137193888425827026e-01 1.122582256793975830e-01
3.938831984996795654e-01 3.372790217399597168e-01
1.341662704944610596e-01 1.317728012800216675e-01
2.216969132423400879e-01 2.110640555620193481e-01
3.618038892745971680e-01 3.174118995666503906e-01
4.880917966365814209e-01 3.846254050731658936e-01
4.838886857032775879e-01 3.828742504119873047e-01
8.334962725639343262e-01 4.160947799682617188e-01
9.683470726013183594e-01 3.791358470916748047e-01
4.803643822669982910e-01 3.813795149326324463e-01
4.337684512138366699e-01 3.593712151050567627e-01
7.681273221969604492e-01 4.257856309413909912e-01
4.973431825637817383e-01 3.883589506149291992e-01
5.721702575683593750e-01 4.124263823032379150e-01
5.195876359939575195e-01 3.966539502143859863e-01
2.555655539035797119e-01 2.394070327281951904e-01
4.391656219959259033e-01 3.621324896812438965e-01
9.696742892265319824e-01 3.786801993846893311e-01
3.949416428804397583e-02 3.943260759115219116e-02
7.922058105468750000e-01 4.229403734207153320e-01
3.001765906810760498e-02 2.999062463641166687e-02
5.594738125801086426e-01 4.091106355190277100e-01
7.917013019323348999e-02 7.867544889450073242e-02
2.930995523929595947e-01 2.689713835716247559e-01
4.063712358474731445e-01 3.445122241973876953e-01
1.899024546146392822e-01 1.831760406494140625e-01
9.872504472732543945e-01 3.725086450576782227e-01
3.504620119929313660e-02 3.500318154692649841e-02
5.362958908081054688e-01 4.022495746612548828e-01
2.641952037811279297e-01 2.463834732770919800e-01
2.033662199974060059e-01 1.951269805431365967e-01
9.064031839370727539e-01 3.985836505889892578e-01
6.248213648796081543e-01 4.228696823120117188e-01
8.832485079765319824e-01 4.048346281051635742e-01
6.547458767890930176e-01 4.264755845069885254e-01
3.351224064826965332e-01 2.995223104953765869e-01
2.667062543332576752e-02 2.665166184306144714e-02
2.920064330101013184e-01 2.681396901607513428e-01
9.355743527412414551e-01 3.898887038230895996e-01
9.429419636726379395e-01 3.875578641891479492e-01
1.429795175790786743e-01 1.400862336158752441e-01
1.111267805099487305e-01 1.097628995776176453e-01
2.235621362924575806e-01 2.126631587743759155e-01
6.493344902992248535e-01 4.259460568428039551e-01
1.922495812177658081e-01 1.852737814188003540e-01
5.159100890159606934e-01 3.953491449356079102e-01
1.018037833273410797e-02 1.017932407557964325e-02
4.697752594947814941e-01 3.767438828945159912e-01
7.287818789482116699e-01 4.284831583499908447e-01
3.747265636920928955e-01 3.256348371505737305e-01
6.771919131278991699e-01 4.281038641929626465e-01
4.154910445213317871e-01 3.496134877204895020e-01
8.606253266334533691e-01 4.103388786315917969e-01
8.263581395149230957e-01 4.174482226371765137e-01
3.371713757514953613e-01 3.009387850761413574e-01
5.798228383064270020e-01 4.142741560935974121e-01
6.391720771789550781e-01 4.248060882091522217e-01
3.006361424922943115e-01 2.746557891368865967e-01
5.638076663017272949e-01 4.102776348590850830e-01
4.597508311271667480e-01 3.721562623977661133e-01
3.771962597966194153e-02 3.766599670052528381e-02
2.276182174682617188e-01 2.161255925893783569e-01
6.472536325454711914e-01 4.257281422615051270e-01
7.956221699714660645e-01 4.224663376808166504e-01
8.413002490997314453e-01 4.145371019840240479e-01
5.463153123855590820e-01 4.053439199924468994e-01
8.303846716880798340e-01 4.166932106018066406e-01
6.433003544807434082e-01 4.252921640872955322e-01
1.474963128566741943e-01 1.443221569061279297e-01
7.334483861923217773e-01 4.282943606376647949e-01
8.087368607521057129e-01 4.204890131950378418e-01
6.074329018592834473e-01 4.200051724910736084e-01
7.553612440824508667e-02 7.510636001825332642e-02
8.686717748641967773e-01 4.084521234035491943e-01
8.478762954473495483e-02 8.418028056621551514e-02
2.329027801752090454e-01 2.206058055162429810e-01
3.191619515419006348e-01 2.882517576217651367e-01
4.308683276176452637e-01 3.578647077083587646e-01
8.781063556671142578e-01 4.061396121978759766e-01
9.152392148971557617e-01 3.960429131984710693e-01
6.676713228225708008e-01 4.275242686271667480e-01
5.963091254234313965e-01 4.178718030452728271e-01
4.615239500999450684e-01 3.729817867279052734e-01
2.329939231276512146e-02 2.328674681484699249e-02
5.929275602102279663e-02 5.908466875553131104e-02
3.587445020675659180e-01 3.154224455356597900e-01
1.764487475156784058e-01 1.710398048162460327e-01
9.616515636444091797e-01 3.814113438129425049e-01
2.525507211685180664e-01 2.369455248117446899e-01
7.126479595899581909e-02 7.090377807617187500e-02
5.668709278106689453e-01 4.110804498195648193e-01
4.006367027759552002e-01 3.412260711193084717e-01
8.656104207038879395e-01 4.091793298721313477e-01
4.522589445114135742e-01 3.686017394065856934e-01
2.499664425849914551e-01 2.348256856203079224e-01
4.619579017162322998e-02 4.609731212258338928e-02
9.465785026550292969e-01 3.863883614540100098e-01
7.777032852172851562e-01 4.247592985630035400e-01
2.709242999553680420e-01 2.517507374286651611e-01
1.254788935184478760e-01 1.235187128186225891e-01
6.822079420089721680e-01 4.283441007137298584e-01
1.726095825433731079e-01 1.675426959991455078e-01
8.571655154228210449e-01 4.111254215240478516e-01
1.145702204667031765e-03 1.145700691267848015e-03
3.312489390373229980e-01 2.968254685401916504e-01
3.133915066719055176e-01 2.840752005577087402e-01
1.023146584630012512e-01 1.012491881847381592e-01
5.311363935470581055e-01 4.005798101425170898e-01
9.886547327041625977e-01 3.720048964023590088e-01
6.034646630287170410e-01 4.192711710929870605e-01
9.181784391403198242e-01 3.951794803142547607e-01
4.658399224281311035e-01 3.749659359455108643e-01
9.292414784431457520e-01 3.918499052524566650e-01
9.826453328132629395e-01 3.741498589515686035e-01
4.234623014926910400e-01 3.539459407329559326e-01
2.455597519874572754e-01 2.311902046203613281e-01
3.707563877105712891e-01 3.231397569179534912e-01
3.816564679145812988e-01 3.299230039119720459e-01
3.482835590839385986e-01 3.084980547428131104e-01
6.851045489311218262e-01 4.284624755382537842e-01
2.854913771152496338e-01 2.631453573703765869e-01
3.079231977462768555e-01 2.800683677196502686e-01
8.529655337333679199e-01 4.120599925518035889e-01
7.098606228828430176e-01 4.288754463195800781e-01
1.797228157520294189e-01 1.740104705095291138e-01
6.717485189437866211e-01 4.277923405170440674e-01
7.881667613983154297e-01 4.234786033630371094e-01
7.396993041038513184e-01 4.279851913452148438e-01
8.908420205116271973e-01 4.028513729572296143e-01
1.677487045526504517e-01 1.630941033363342285e-01
2.147647440433502197e-01 2.050839215517044067e-01
9.316694140434265137e-01 3.911027014255523682e-01
7.022933661937713623e-02 6.988380104303359985e-02
7.597456574440002441e-01 4.265673458576202393e-01
1.240771189332008362e-01 1.221815645694732666e-01
5.512004494667053223e-01 4.067816734313964844e-01
4.556856453418731689e-01 3.702408373355865479e-01
3.264283537864685059e-01 2.934346795082092285e-01
7.038960456848144531e-01 4.288730919361114502e-01
4.747703373432159424e-01 3.789575994014739990e-01
2.663117647171020508e-01 2.480785995721817017e-01
6.971525549888610840e-01 4.287965297698974609e-01
6.684886291623115540e-03 6.684587337076663971e-03
8.960965871810913086e-01 4.014404118061065674e-01
1.295132189989089966e-01 1.273589283227920532e-01
5.927110314369201660e-01 4.171311259269714355e-01
7.345114350318908691e-01 4.282463490962982178e-01
9.732746481895446777e-01 3.774366378784179688e-01
9.911999106407165527e-02 9.815092384815216064e-02
5.848426818847656250e-01 4.154249429702758789e-01
7.978592514991760254e-01 4.221466779708862305e-01
1.376941800117492676e-01 1.351081281900405884e-01
4.441650807857513428e-01 3.646411299705505371e-01
9.402556419372558594e-01 3.884137272834777832e-01
6.012037396430969238e-01 4.188395738601684570e-01
6.571148037910461426e-01 4.266904890537261963e-01
2.175143510103225708e-01 2.074628621339797974e-01
2.615849673748016357e-01 2.442842274904251099e-01
7.205138206481933594e-01 4.287287592887878418e-01
9.975249171257019043e-01 3.687877058982849121e-01
5.320059657096862793e-01 4.008648395538330078e-01
1.639028042554855347e-01 1.595583111047744751e-01
3.656315207481384277e-01 3.198779821395874023e-01
8.724577426910400391e-01 4.075369834899902344e-01
6.943855881690979004e-01 4.287423491477966309e-01
5.867778062820434570e-01 4.158555567264556885e-01
6.203455924987792969e-01 4.221868515014648438e-01
8.068965673446655273e-01 4.207813441753387451e-01
9.504638612270355225e-02 9.419161081314086914e-02
5.743316411972045898e-01 4.129596948623657227e-01
9.042817950248718262e-01 3.991812169551849365e-01
7.643528580665588379e-01 4.261511862277984619e-01
1.210888177156448364e-01 1.193263083696365356e-01
4.811240732669830322e-02 4.800116643309593201e-02
6.341246366500854492e-01 4.241688251495361328e-01
6.894297003746032715e-01 4.286117255687713623e-01
1.514170318841934204e-01 1.479849666357040405e-01
9.492466449737548828e-01 3.855224847793579102e-01
5.562854409217834473e-01 4.082288742065429688e-01
3.042005002498626709e-01 2.773136198520660400e-01
5.260818600654602051e-01 3.988935649394989014e-01
7.548195719718933105e-01 4.269753396511077881e-01
7.815173268318176270e-01 4.243115782737731934e-01
7.427258491516113281e-01 4.278126358985900879e-01
1.418708078563213348e-02 1.418422535061836243e-02
1.074536219239234924e-01 1.062200590968132019e-01
9.121382832527160645e-01 3.969440460205078125e-01
1.711058765649795532e-01 1.661689728498458862e-01
2.374332398176193237e-01 2.244183570146560669e-01
8.880435228347778320e-01 4.035899341106414795e-01
2.071792781352996826e-01 1.984746158123016357e-01
1.864468753337860107e-01 1.800768822431564331e-01
8.978984504938125610e-02 8.906885236501693726e-02
8.502653241157531738e-01 4.126490056514739990e-01
8.790141940116882324e-01 4.059114456176757812e-01
6.161441802978515625e-01 4.215115904808044434e-01
6.317171454429626465e-01 4.238481223583221436e-01
5.149164795875549316e-01 3.949920535087585449e-01
8.369591236114501953e-01 4.154135882854461670e-01
6.264084577560424805e-01 4.231027662754058838e-01
1.577085852622985840e-01 1.538344323635101318e-01
6.744050979614257812e-01 4.279510080814361572e-01
5.494978427886962891e-01 4.062858223915100098e-01
3.833934068679809570e-01 3.309843242168426514e-01
5.081577301025390625e-01 3.925122320652008057e-01
5.284618586301803589e-02 5.269880592823028564e-02
6.607168316841125488e-01 4.269977211952209473e-01
4.280951023101806641e-01 3.564093410968780518e-01
3.411083817481994629e-01 3.036407530307769775e-01
2.768416106700897217e-01 2.564167678356170654e-01
9.956267476081848145e-01 3.694811463356018066e-01
7.739786505699157715e-01 4.251751899719238281e-01
9.598890542984008789e-01 3.820038735866546631e-01
4.890842139720916748e-01 3.850338757038116455e-01
2.401647269725799561e-01 2.267041653394699097e-01
7.513636946678161621e-01 4.272385239601135254e-01
3.534366488456726074e-01 3.119324743747711182e-01
3.956060707569122314e-01 3.382938206195831299e-01
6.514102220535278320e-02 6.486519426107406616e-02
3.902976512908935547e-01 3.351497352123260498e-01
3.115187883377075195e-01 2.827083170413970947e-01
7.128223776817321777e-01 4.288539886474609375e-01
3.461530506610870361e-01 3.070648908615112305e-01
2.005028575658798218e-01 1.926022171974182129e-01
8.473297953605651855e-01 4.132786989212036133e-01
2.815452218055725098e-01 2.600893676280975342e-01
9.787997007369995117e-01 3.755073845386505127e-01
9.225227236747741699e-01 3.938869237899780273e-01
5.408351421356201172e-01 4.036757051944732666e-01
7.725592851638793945e-01 4.253281354904174805e-01
2.801083624362945557e-01 2.589709460735321045e-01
1.964282542467117310e-01 1.889936029911041260e-01
9.544377326965332031e-01 3.838189542293548584e-01
4.195729196071624756e-01 3.518468439579010010e-01
9.130328893661499023e-02 9.054531902074813843e-02
3.758650720119476318e-01 3.263451755046844482e-01
8.013013005256652832e-01 4.216405749320983887e-01
